00001000000000000000000000000111
00000000000000000000000000000000
10001100000111000000000000011100
00000000000000000000000000000000
10001100000110100000000000011100
10001100000111000000000000011100
10001100000111000000000000011100
10001100000000010000000000011100
10001100000000100000000000001100
00000000001000100001100000100000
00000000001000100010000000100010
00000000011000010010100000100100
00000000011001000011000000100101
10101100000000110000000000001100
00000000010001000011100000101010
10001100000010000000000000001100
00000000001001100101000000100111
00010000011010000000000000000001
00100000110010010000000000000001
00000000110010000100100000100000
00000000000000000000000000000000
00000000000000000000000000000000
00000000000000000000000000000000
00000000000000000000000000000000
00000000000000000000000000000000
00000000000000000000000000000000
00000000000000000000000000000000
00000000000000000000000000000000
00000000000000000000000000000000
00000000000000000000000000000000
00000000000000000000000000000000
00000000000000000000000000000000
00000000000000000000000000000000
00000000000000000000000000000000
00000000000000000000000000000000